100013@qq.com
1007609233@qq.com
1026844653
1026844653@qq.com
1030880683@qq.com
103554569@qq.com
1056728310@qq.com
107@qq.com
110010@qw.com
111047627@qq.com
112281478@qq.com
1123456@qq.com
112961594@qq.com
1163928462@qq.com
1182817469@qq.com
1196913956@qq.com
11ib96617@gmail.com
1205694459@qq.com
12125@163.com
12128@163.com
12129@163.com
1212@qq.com
1215633@qq.com
123.@qq.com
12306@qq.com
123123
123123@qq.com
123456.@qq.com
1234567811119@qq.com
123456789@qq.com
123456@126.com
1234@gmail.com
12356
12369@qq.com
123@111.com
123@163.com
12500@qq.com
125209268@qq.com
1256227853@qq.com
12580@sina.com
12580@yahoo.com
12580_@163.com
1275293489@qq.com
1278880697@qq.com
1294106761@qq.com
12@163.com
13001700017
13002788990
13002799177
13007686549
13008950269
13012353947
13012746707
13013510191
13013516606
13013854033
13014323072
13014733092
13015384277
13015513097
13016046111
13017588399
13019606667
13026093858
13026505018
13026531392
13027686068
13028253234
13029336322
13029921331
13030454253
13030525298
13030679929
13030686363
13031891890
13032792639
13033795180
13033869871
13035255103
13036670778
13038043025
13038685480
13038981538
13039033733
13039338888
13043711090
13043887882
13044082567
13045984665
13046553788
13047666093
13053004903
13053061218
13053222323
13053759636
13053881838
13056008185
13058718349
13063006988
13064237356
13065085300
13065592202
13066765213
13069077168
13069272677
13069433449
13069669176
13069699335
13072497508
13072733916
13072783926
13074052998
13075005792
13075318086
13075426718
13076144433
13076935259
13078520136
13079078678
13079274209
13079648800
13080167685
13080197177
13081060673
13081202032
13081445800
13081875251
13081876923
13082266488
13084759599
13085595590
13086768901
13089216667
13091281379
13091281630
13091309836
13092766681
13093661883
13096789865
13098097671
13099009127
13099015467
13099236905
13100434913
13100582778
13100691851
13101074317
13102725869
13103962153
13104141778
13105398769
13105920463
13109690337
13109775474
13111170288
13111226541
13111422908
13114417388
13115453662
13116276322
13119926422
13120608186
13121226008
13124033333
13124435050
1312500@163.com
13125161927
13125277710
13125424782
13127568038
13130275187
13130653000
13130861453
13130875539
13133049019
13133196592
13133519387
13133520133
13133523589
13134193134
13134766293
13136162540
13137023118
13137026193
13137376898
13137379448
13137399232
13137440644
13137598521
13137645135
13137670577
13137850827
13138613733
13138878468
13140011620
13145975288
13153126833
13153979607
13153996958
13155581916